1 0.0640625 0.57666015625 0.040625 0.0537109375
0 0.11510416666666666 0.56494140625 0.013541666666666667 0.0634765625
0 0.284375 0.53466796875 0.0125 0.0595703125
0 0.37864583333333335 0.5302734375 0.0125 0.060546875
0 0.365625 0.55322265625 0.011458333333333333 0.0537109375
0 0.584375 0.55419921875 0.013541666666666667 0.0771484375
0 0.6052083333333333 0.53857421875 0.015625 0.0634765625
0 0.7708333333333334 0.52978515625 0.019791666666666666 0.0634765625
0 0.7888020833333333 0.54296875 0.015104166666666667 0.072265625
0 0.8934895833333333 0.52880859375 0.019270833333333334 0.0771484375
0 0.20078125 0.60888671875 0.050520833333333334 0.3154296875
0 0.3567708333333333 0.6005859375 0.06666666666666667 0.291015625
0 0.3958333333333333 0.630859375 0.08645833333333333 0.37890625
0 0.047135416666666666 0.5703125 0.016145833333333335 0.064453125
0 0.13958333333333334 0.560546875 0.011458333333333333 0.056640625
0 0.9065104166666667 0.5166015625 0.0109375 0.048828125